-1.847085380341032257e-01 -2.152479004635490245e-01
1.518116073382787534e-01 1.814784238494267510e-01
2.628449142978749875e-01 9.059302590362942886e-02
-8.277418142230760778e-02 4.917754163872644080e-01
-1.429323115983009880e-02 3.286012357437892439e-01
1.796722504015650090e-01 -8.070848233068282640e-02
-2.380730980647658146e-01 4.926980160849113721e-01
3.101218777466371868e-01 -1.065917831965652006e-02
-2.728186343326283181e-01 1.280033647421865983e-01
-2.251712731973225246e-01 1.488361646956707363e-01
